gfs2.json
{"header": {"discipline":0,"disciplineName":"Meteorological products","gribEdition":2,"gribLength":131858,"center":7,"centerName":"US National Weather Service - NCEP(WMC)","subcenter":0,"refTime":"2019-07-08T11:58:56.000Z","significanceOfRT":1,"significanceOfRTName":"Start of forecast","productStatus":0,"productStatusName":"Operational products","productType":1,"productTypeName":"Forecast products","productDefinitionTemplate":0,"productDefinitionTemplateName":"Analysis/forecast at horizontal level/layer at a point in time","parameterCategory":2,"parameterCategoryName":"Momentum","parameterNumber":3,"parameterNumberName":"V_component_of_wind","parameterUnit":"m.s-1","maxWind":"7","genProcessType":2,"genProcessTypeName":"Forecast","forecastTime":3,"surface1Type":103,"surface1TypeName":"Specified height level above ground","surface1Value":10,"surface2Type":255,"surface2TypeName":"Missing","surface2Value":0,"gridDefinitionTemplate":0,"gridDefinitionTemplateName":"Latitude_Longitude","numberPoints":83232,"shape":5,"shapeName":"Earth assumed represented by WGS84 (as used by ICAO since 1998)","gridUnits":"degrees","resolution":48,"winds":"true","scanMode":0,"nx":289,"ny":288,"basicAngle":0,"subDivisions":0,"lo1":139.23199462890625,"la1":34.9739990234375,"lo2":139.80767822265625,"la2":35.54768371582031,"dx":0.0019989014,"dy":-0.0019989013671875}, "data":
[rows 154 to 175 of 288, columns 200 to 249 of 289]
-3.1013793945,-3.1156563759,-3.1268668175,-3.1214098930,-3.1181712151,-3.1215364933,-3.1250436306,-3.1290106773,-3.1336183548,-3.1375670433,-3.1414663792,-3.1456203461,-3.1476852894,-3.1495366096,-3.1530947685,-3.1580014229,-3.1619489193,-3.1627211571,-3.1654784679,-3.1703386307,-3.1730110645,-3.1738624573,-3.1779470444,-3.1789503098,-3.1820955276,-3.1844251156,-3.1870224476,-3.1898186207,-3.1909036636,-3.1946382523,-3.1960656643,-3.1994378567,-3.2019529343,-3.2019162178,-3.2028234005,-3.2071752548,-3.2081968784,-3.2084863186,-3.2090971470,-3.2114462852,-3.2154757977,-3.2159621716,-3.2166218758,-3.2170622349,-3.2175896168,-3.2186667919,-3.2198181152,-3.2196371555,-3.2208883762,-3.2211554050
-3.0960209370,-3.1061615944,-3.1149203777,-3.1132304668,-3.1119279861,-3.1163151264,-3.1207702160,-3.1253252029,-3.1296355724,-3.1329255104,-3.1368734837,-3.1382670403,-3.1412308216,-3.1451003551,-3.1497507095,-3.1535215378,-3.1534137726,-3.1576051712,-3.1621005535,-3.1639950275,-3.1657712460,-3.1700513363,-3.1746714115,-3.1748664379,-3.1785445213,-3.1802392006,-3.1824207306,-3.1859288216,-3.1872913837,-3.1915535927,-3.1924607754,-3.1956357956,-3.1981897354,-3.1985208988,-3.2002863884,-3.2045254707,-3.2055256367,-3.2059295177,-3.2062134743,-3.2080969810,-3.2124392986,-3.2138514519,-3.2136740685,-3.2146325111,-3.2157521248,-3.2164006233,-3.2171983719,-3.2176797390,-3.2185716629,-3.2190999985
-3.0900654793,-3.0963094234,-3.1010017395,-3.1045081615,-3.1080958843,-3.1119847298,-3.1167125702,-3.1208355427,-3.1230626106,-3.1246109009,-3.1287276745,-3.1333189011,-3.1367092133,-3.1409006119,-3.1458778381,-3.1489851475,-3.1491093636,-3.1541101933,-3.1580431461,-3.1595859528,-3.1623265743,-3.1672959328,-3.1705100536,-3.1716108322,-3.1755006313,-3.1770637035,-3.1791660786,-3.1827464104,-3.1843996048,-3.1886565685,-3.1894507408,-3.1927001476,-3.1953351498,-3.1954143047,-3.1966547966,-3.2011122704,-3.2029101849,-3.2036404610,-3.2039756775,-3.2059316635,-3.2099747658,-3.2107255459,-3.2112648487,-3.2120032310,-3.2133555412,-3.2143039703,-3.2143206596,-3.2159616947,-3.2168226242,-3.2175476551
-3.0828847885,-3.0867743492,-3.0910122395,-3.0958070755,-3.0998015404,-3.1037018299,-3.1077225208,-3.1116676331,-3.1158847809,-3.1204800606,-3.1244735718,-3.1285672188,-3.1333975792,-3.1375510693,-3.1398143768,-3.1415822506,-3.1455941200,-3.1498668194,-3.1517300606,-3.1539313793,-3.1583003998,-3.1622416973,-3.1629958153,-3.1678323746,-3.1717054844,-3.1734521389,-3.1762380600,-3.1794965267,-3.1803481579,-3.1847665310,-3.1857311726,-3.1868076324,-3.1900289059,-3.1930980682,-3.1934971809,-3.1945202351,-3.1985077858,-3.2002680302,-3.2010729313,-3.2034990788,-3.2070012093,-3.2083628178,-3.2091851234,-3.2099368572,-3.2107849121,-3.2120087147,-3.2133219242,-3.2134244442,-3.2150056362,-3.2154254913
-3.0781090260,-3.0825178623,-3.0863959789,-3.0903878212,-3.0943753719,-3.0991883278,-3.1034505367,-3.1074180603,-3.1114385128,-3.1157124043,-3.1206688881,-3.1249439716,-3.1267929077,-3.1289870739,-3.1330745220,-3.1376392841,-3.1409373283,-3.1461493969,-3.1471965313,-3.1503648758,-3.1556611061,-3.1584658623,-3.1582775116,-3.1635255814,-3.1656460762,-3.1681039333,-3.1721808910,-3.1757960320,-3.1769468784,-3.1777448654,-3.1816608906,-3.1832518578,-3.1857957840,-3.1896331310,-3.1908638477,-3.1915266514,-3.1957967281,-3.1977567673,-3.1983294487,-3.1991326809,-3.2007482052,-3.2050452232,-3.2070064545,-3.2079682350,-3.2088644505,-3.2094733715,-3.2098507881,-3.2114531994,-3.2125406265,-3.2141010761
-3.0692181587,-3.0757937431,-3.0825231075,-3.0862808228,-3.0902991295,-3.0942869186,-3.0990223885,-3.1035218239,-3.1076827049,-3.1112079620,-3.1124639511,-3.1164755821,-3.1198568344,-3.1241579056,-3.1289050579,-3.1334123611,-3.1382174492,-3.1378140450,-3.1417853832,-3.1468918324,-3.1492075920,-3.1507608891,-3.1559388638,-3.1594223976,-3.1610202789,-3.1644961834,-3.1675958633,-3.1696758270,-3.1729450226,-3.1744635105,-3.1787354946,-3.1804010868,-3.1830391884,-3.1866059303,-3.1870756149,-3.1878781319,-3.1921536922,-3.1948797703,-3.1959693432,-3.1965703964,-3.1980700493,-3.2027235031,-3.2040259838,-3.2055661678,-3.2064201832,-3.2066664696,-3.2076251507,-3.2087776661,-3.2106184959,-3.2112479210
-3.0646345615,-3.0685648918,-3.0728795528,-3.0777342319,-3.0817694664,-3.0857720375,-3.0905282497,-3.0950524807,-3.0991020203,-3.1032457352,-3.1073989868,-3.1115069389,-3.1156110764,-3.1204054356,-3.1253695488,-3.1285328865,-3.1291704178,-3.1342718601,-3.1379563808,-3.1426935196,-3.1456968784,-3.1469030380,-3.1515917778,-3.1569414139,-3.1572556496,-3.1600573063,-3.1632227898,-3.1656379700,-3.1697087288,-3.1704647541,-3.1746664047,-3.1766147614,-3.1775176525,-3.1804339886,-3.1844215393,-3.1851980686,-3.1896042824,-3.1916735172,-3.1923010349,-3.1934111118,-3.1958837509,-3.2006156445,-3.2018487453,-3.2027561665,-3.2037296295,-3.2046802044,-3.2057983875,-3.2068634033,-3.2080273628,-3.2097914219
-3.0599701405,-3.0642697811,-3.0681858063,-3.0723900795,-3.0775539875,-3.0817553997,-3.0857715607,-3.0898315907,-3.0943610668,-3.0992872715,-3.1034233570,-3.1075716019,-3.1116533279,-3.1160476208,-3.1189978123,-3.1209447384,-3.1254518032,-3.1297252178,-3.1341588497,-3.1358592510,-3.1379354000,-3.1429803371,-3.1478147507,-3.1484584808,-3.1521723270,-3.1577229500,-3.1601269245,-3.1615104675,-3.1665599346,-3.1673142910,-3.1716201305,-3.1737170219,-3.1740972996,-3.1763246059,-3.1807518005,-3.1825327873,-3.1833727360,-3.1872258186,-3.1900763512,-3.1908254623,-3.1918337345,-3.1930685043,-3.1975629330,-3.2003951073,-3.2018098831,-3.2024691105,-3.2029850483,-3.2050144672,-3.2062630653,-3.2075102329
-3.0511896610,-3.0556581020,-3.0594863892,-3.0641820431,-3.0718457699,-3.0763175488,-3.0802483559,-3.0849039555,-3.0896799564,-3.0938551426,-3.0980498791,-3.1024198532,-3.1043565273,-3.1074395180,-3.1119334698,-3.1165277958,-3.1216533184,-3.1250269413,-3.1266579628,-3.1299843788,-3.1351625919,-3.1400506496,-3.1431481838,-3.1448533535,-3.1483683586,-3.1504495144,-3.1535856724,-3.1571068764,-3.1582310200,-3.1628792286,-3.1648414135,-3.1680932045,-3.1707744598,-3.1735830307,-3.1778643131,-3.1787431240,-3.1794569492,-3.1842107773,-3.1876220703,-3.1883618832,-3.1893789768,-3.1905455589,-3.1953246593,-3.1975142956,-3.1984844208,-3.1996819973,-3.2008872032,-3.2021923065,-3.2034323215,-3.2053902149
-3.0460917950,-3.0500967503,-3.0548155308,-3.0596690178,-3.0637698174,-3.0678315163,-3.0719702244,-3.0760810375,-3.0805933475,-3.0855450630,-3.0898482800,-3.0940937996,-3.0983715057,-3.1033082008,-3.1082537174,-3.1125910282,-3.1163778305,-3.1180946827,-3.1213176250,-3.1261537075,-3.1311411858,-3.1345570087,-3.1364030838,-3.1400768757,-3.1453499794,-3.1468772888,-3.1496596336,-3.1539268494,-3.1551449299,-3.1597778797,-3.1608550549,-3.1653845310,-3.1680088043,-3.1697628498,-3.1748831272,-3.1759805679,-3.1768283844,-3.1808300018,-3.1838212013,-3.1847064495,-3.1860821247,-3.1882114410,-3.1892960072,-3.1935627460,-3.1965718269,-3.1975893974,-3.1989018917,-3.2002215385,-3.2015724182,-3.2029829025
-3.0372228622,-3.0432202816,-3.0498306751,-3.0538086891,-3.0587913990,-3.0637159348,-3.0680668354,-3.0722246170,-3.0764009953,-3.0807831287,-3.0858509541,-3.0903031826,-3.0946412086,-3.0985629559,-3.1031389236,-3.1073496342,-3.1084556580,-3.1128814220,-3.1181874275,-3.1223757267,-3.1247172356,-3.1271281242,-3.1319806576,-3.1368136406,-3.1376883984,-3.1416795254,-3.1465837955,-3.1494061947,-3.1516661644,-3.1553313732,-3.1574175358,-3.1613588333,-3.1649262905,-3.1659593582,-3.1670308113,-3.1728847027,-3.1743929386,-3.1751079559,-3.1785900593,-3.1828379631,-3.1844534874,-3.1848361492,-3.1858909130,-3.1902732849,-3.1933605671,-3.1944258213,-3.1960062981,-3.1982629299,-3.1997339725,-3.2011613846
-3.0324730873,-3.0373220444,-3.0412933826,-3.0454850197,-3.0495202541,-3.0576541424,-3.0632357597,-3.0673017502,-3.0715456009,-3.0757846832,-3.0800743103,-3.0851609707,-3.0900726318,-3.0922517776,-3.0944056511,-3.0992581844,-3.1046218872,-3.1093785763,-3.1127111912,-3.1153368950,-3.1185264587,-3.1227686405,-3.1275341511,-3.1324393749,-3.1342184544,-3.1379218102,-3.1406190395,-3.1426997185,-3.1472265720,-3.1489396095,-3.1529722214,-3.1551885605,-3.1588072777,-3.1624860764,-3.1641635895,-3.1691012383,-3.1704668999,-3.1720008850,-3.1760740280,-3.1798844337,-3.1809673309,-3.1823260784,-3.1837418079,-3.1848316193,-3.1886978149,-3.1926057339,-3.1937866211,-3.1952738762,-3.1967880726,-3.1983320713
-3.0253338814,-3.0312523842,-3.0354504585,-3.0406532288,-3.0456624031,-3.0496768951,-3.0544540882,-3.0590362549,-3.0632762909,-3.0677540302,-3.0720548630,-3.0763351917,-3.0813465118,-3.0862162113,-3.0908210278,-3.0954866409,-3.0999116898,-3.1045463085,-3.1062319279,-3.1090528965,-3.1139709949,-3.1191773415,-3.1228182316,-3.1241037846,-3.1292450428,-3.1336774826,-3.1362061501,-3.1394369602,-3.1439313889,-3.1448273659,-3.1503350735,-3.1518297195,-3.1551361084,-3.1595318317,-3.1611709595,-3.1657772064,-3.1676297188,-3.1686067581,-3.1721117496,-3.1759853363,-3.1773376465,-3.1787612438,-3.1810975075,-3.1825134754,-3.1863353252,-3.1902968884,-3.1916983128,-3.1932094097,-3.1948311329,-3.1964395046
-3.0179727077,-3.0229606628,-3.0272462368,-3.0324547291,-3.0398375988,-3.0445985794,-3.0486896038,-3.0534656048,-3.0587389469,-3.0637252331,-3.0682811737,-3.0726473331,-3.0770125389,-3.0814793110,-3.0858554840,-3.0904011726,-3.0948963165,-3.0961933136,-3.1002535820,-3.1056118011,-3.1110932827,-3.1145980358,-3.1154468060,-3.1200842857,-3.1253020763,-3.1277351379,-3.1303465366,-3.1352064610,-3.1398158073,-3.1413352489,-3.1463432312,-3.1483969688,-3.1512272358,-3.1552727222,-3.1573836803,-3.1586654186,-3.1638011932,-3.1662373543,-3.1670684814,-3.1701986790,-3.1750574112,-3.1762657166,-3.1777319908,-3.1792068481,-3.1810679436,-3.1849117279,-3.1892547607,-3.1901621819,-3.1927838326,-3.1938383579
-3.0112009048,-3.0170202255,-3.0221564770,-3.0272064209,-3.0312263966,-3.0360200405,-3.0404791832,-3.0467538834,-3.0531244278,-3.0573959351,-3.0625426769,-3.0672214031,-3.0717060566,-3.0764341354,-3.0794029236,-3.0815696716,-3.0869963169,-3.0917766094,-3.0967204571,-3.1014738083,-3.1061544418,-3.1097114086,-3.1116278172,-3.1158514023,-3.1207509041,-3.1232173443,-3.1266694069,-3.1306333542,-3.1325378418,-3.1371273994,-3.1421089172,-3.1449782848,-3.1461005211,-3.1489152908,-3.1534774303,-3.1548719406,-3.1599805355,-3.1631598473,-3.1638903618,-3.1665515900,-3.1717486382,-3.1735363007,-3.1752543449,-3.1767704487,-3.1784830093,-3.1799736023,-3.1826493740,-3.1881387234,-3.1899054050,-3.1915733814
-3.0038855076,-3.0087521076,-3.0144226551,-3.0215413570,-3.0257060528,-3.0310544968,-3.0362651348,-3.0409471989,-3.0452723503,-3.0494780540,-3.0538537502,-3.0592865944,-3.0639986992,-3.0684864521,-3.0731139183,-3.0778646469,-3.0825588703,-3.0871536732,-3.0914146900,-3.0961294174,-3.0993678570,-3.1019859314,-3.1072814465,-3.1129887104,-3.1140248775,-3.1178560257,-3.1233742237,-3.1266896725,-3.1286087036,-3.1344618797,-3.1348645687,-3.1396059990,-3.1429913044,-3.1458318233,-3.1505587101,-3.1516242027,-3.1562943459,-3.1598241329,-3.1613178253,-3.1619944572,-3.1644868851,-3.1699488163,-3.1725516319,-3.1735672951,-3.1755180359,-3.1777033806,-3.1804447174,-3.1854240894,-3.1874127388,-3.1894433498
-2.9970886707,-3.0036590099,-3.0087859631,-3.0133533478,-3.0177905560,-3.0248060226,-3.0298960209,-3.0344057083,-3.0398101807,-3.0454056263,-3.0501663685,-3.0552203655,-3.0598571301,-3.0643978119,-3.0690469742,-3.0732762814,-3.0767331123,-3.0817701817,-3.0838270187,-3.0876138210,-3.0930204391,-3.0982849598,-3.1031432152,-3.1070933342,-3.1092376709,-3.1140315533,-3.1187942028,-3.1217842102,-3.1250700951,-3.1299338341,-3.1315155029,-3.1359994411,-3.1388485432,-3.1415200233,-3.1462335587,-3.1478550434,-3.1495878696,-3.1547706127,-3.1580178738,-3.1591336727,-3.1620242596,-3.1674387455,-3.1691229343,-3.1708071232,-3.1725275517,-3.1748244762,-3.1770524979,-3.1780967712,-3.1808376312,-3.1853466034
-2.9893696308,-2.9963350296,-3.0024716854,-3.0068199635,-3.0133037567,-3.0179448128,-3.0218551159,-3.0259904861,-3.0317578316,-3.0386786461,-3.0437090397,-3.0485498905,-3.0531165600,-3.0576992035,-3.0624833107,-3.0663201809,-3.0683805943,-3.0736982822,-3.0790107250,-3.0844478607,-3.0895574093,-3.0937845707,-3.0970818996,-3.0994393826,-3.1044001579,-3.1089830399,-3.1122174263,-3.1159605980,-3.1211087704,-3.1246361732,-3.1274356842,-3.1313891411,-3.1349153519,-3.1366596222,-3.1390955448,-3.1453032494,-3.1460702419,-3.1514973640,-3.1545078754,-3.1556618214,-3.1590390205,-3.1635534763,-3.1663687229,-3.1682810783,-3.1699597836,-3.1718897820,-3.1739969254,-3.1759665012,-3.1779329777,-3.1806683540
-2.9822611809,-2.9889428616,-2.9945738316,-2.9994227886,-3.0061521530,-3.0116193295,-3.0166580677,-3.0219736099,-3.0269644260,-3.0310831070,-3.0353610516,-3.0405130386,-3.0455596447,-3.0503005981,-3.0549063683,-3.0596575737,-3.0645217896,-3.0691781044,-3.0749862194,-3.0802264214,-3.0846858025,-3.0880286694,-3.0904748440,-3.0953066349,-3.1003139019,-3.1027429104,-3.1062643528,-3.1117992401,-3.1161389351,-3.1181313992,-3.1228761673,-3.1249067783,-3.1291501522,-3.1334850788,-3.1359832287,-3.1411681175,-3.1429471970,-3.1468608379,-3.1504187584,-3.1530103683,-3.1548652649,-3.1563115120,-3.1630365849,-3.1658527851,-3.1668431759,-3.1688220501,-3.1716639996,-3.1736409664,-3.1755692959,-3.1778519154
-2.9752888680,-2.9815793037,-2.9877138138,-2.9929673672,-2.9984419346,-3.0036859512,-3.0097084045,-3.0152804852,-3.0200772285,-3.0252947807,-3.0315163136,-3.0360558033,-3.0410835743,-3.0463273525,-3.0509898663,-3.0554590225,-3.0605649948,-3.0653307438,-3.0694885254,-3.0742883682,-3.0777618885,-3.0807380676,-3.0862197876,-3.0920612812,-3.0951349735,-3.0980212688,-3.1026859283,-3.1075260639,-3.1105682850,-3.1139409542,-3.1191036701,-3.1219072342,-3.1257822514,-3.1294441223,-3.1324682236,-3.1382222176,-3.1395816803,-3.1409230232,-3.1456747055,-3.1498827934,-3.1513082981,-3.1536660194,-3.1583549976,-3.1623387337,-3.1642155647,-3.1663405895,-3.1691741943,-3.1709451675,-3.1723833084,-3.1754581928
-2.9681859016,-2.9748537540,-2.9803328514,-2.9852094650,-2.9911639690,-2.9965198040,-3.0025644302,-3.0077481270,-3.0120790005,-3.0175518990,-3.0249052048,-3.0295636654,-3.0340335369,-3.0391643047,-3.0438961983,-3.0484647751,-3.0542647839,-3.0590476990,-3.0621335506,-3.0663468838,-3.0715091228,-3.0767600536,-3.0816566944,-3.0849094391,-3.0878946781,-3.0925538540,-3.0986490250,-3.1026082039,-3.1043059826,-3.1098890305,-3.1136393547,-3.1171078682,-3.1210899353,-3.1246671677,-3.1280343533,-3.1328754425,-3.1352853775,-3.1377851963,-3.1426501274,-3.1467528343,-3.1484446526,-3.1501519680,-3.1521666050,-3.1580023766,-3.1613650322,-3.1637184620,-3.1662003994,-3.1676883698,-3.1700236797,-3.1730818748
-2.9605190754,-2.9671952724,-2.9728753567,-2.9778423309,-2.9840781689,-2.9887611866,-2.9954319000,-3.0010716915,-3.0062167645,-3.0125010014,-3.0173251629,-3.0222442150,-3.0269629955,-3.0316042900,-3.0362710953,-3.0412118435,-3.0465340614,-3.0518505573,-3.0569474697,-3.0618979931,-3.0670366287,-3.0717334747,-3.0750944614,-3.0778338909,-3.0830125809,-3.0885963440,-3.0931663513,-3.0965127945,-3.1001079082,-3.1056165695,-3.1073813438,-3.1124370098,-3.1153261662,-3.1188120842,-3.1239409447,-3.1256308556,-3.1315491199,-3.1345148087,-3.1377160549,-3.1418645382,-3.1449460983,-3.1463751793,-3.1494793892,-3.1552014351,-3.1586298943,-3.1604828835,-3.1626827717,-3.1652376652,-3.1673035622,-3.1699724197
