gfs2.json
{"header": {"discipline":0,"disciplineName":"Meteorological products","gribEdition":2,"gribLength":131858,"center":7,"centerName":"US National Weather Service - NCEP(WMC)","subcenter":0,"refTime":"2019-07-08T11:58:56.000Z","significanceOfRT":1,"significanceOfRTName":"Start of forecast","productStatus":0,"productStatusName":"Operational products","productType":1,"productTypeName":"Forecast products","productDefinitionTemplate":0,"productDefinitionTemplateName":"Analysis/forecast at horizontal level/layer at a point in time","parameterCategory":2,"parameterCategoryName":"Momentum","parameterNumber":2,"parameterNumberName":"U_component_of_wind","parameterUnit":"m.s-1","maxWind":"7","genProcessType":2,"genProcessTypeName":"Forecast","forecastTime":3,"surface1Type":103,"surface1TypeName":"Specified height level above ground","surface1Value":10,"surface2Type":255,"surface2TypeName":"Missing","surface2Value":0,"gridDefinitionTemplate":0,"gridDefinitionTemplateName":"Latitude_Longitude","numberPoints":83232,"shape":5,"shapeName":"Earth assumed represented by WGS84 (as used by ICAO since 1998)","gridUnits":"degrees","resolution":48,"winds":"true","scanMode":0,"nx":289,"ny":288,"basicAngle":0,"subDivisions":0,"lo1":139.23199462890625,"la1":34.9739990234375,"lo2":139.80767822265625,"la2":35.54768371582031,"dx":0.0019989014,"dy":-0.0019989013671875}, "data":
[rows 176 to 197 of 288, columns 200 to 249 of 289]
-4.9132051468,-4.9139175415,-4.9158229828,-4.9168028831,-4.9166584015,-4.9197688103,-4.9205985069,-4.9198122025,-4.9189095497,-4.9194383621,-4.9228777885,-4.9225177765,-4.9215245247,-4.9210805893,-4.9205112457,-4.9191823006,-4.9184741974,-4.9203667641,-4.9197325706,-4.9184217453,-4.9177293777,-4.9176034927,-4.9173474312,-4.9160690308,-4.9128203392,-4.9110231400,-4.9108004570,-4.9090981483,-4.9055371284,-4.9043316841,-4.9033393860,-4.9021272659,-4.9002375603,-4.8971014023,-4.8940596581,-4.8928732872,-4.8902873993,-4.8865017891,-4.8847689629,-4.8810696602,-4.8762946129,-4.8750424385,-4.8718161583,-4.8677353859,-4.8641653061,-4.8608641624,-4.8573112488,-4.8535394669,-4.8503584862,-4.8462076187
-4.9122595787,-4.9129824638,-4.9141793251,-4.9164872169,-4.9172782898,-4.9204759598,-4.9206442833,-4.9191751480,-4.9193816185,-4.9217462540,-4.9234237671,-4.9223699570,-4.9211330414,-4.9210453033,-4.9216580391,-4.9219150543,-4.9218311310,-4.9227433205,-4.9219317436,-4.9205923080,-4.9204587936,-4.9204788208,-4.9189691544,-4.9177374840,-4.9150438309,-4.9136600494,-4.9126768112,-4.9113893509,-4.9104833603,-4.9100561142,-4.9078812599,-4.9051027298,-4.9023175240,-4.8997035027,-4.8978333473,-4.8964076042,-4.8921341896,-4.8898239136,-4.8887133598,-4.8851490021,-4.8808407784,-4.8798489571,-4.8784613609,-4.8728513718,-4.8700976372,-4.8666543961,-4.8626689911,-4.8598451614,-4.8549704552,-4.8524756432
-4.9113407135,-4.9129562378,-4.9144129753,-4.9174728394,-4.9181289673,-4.9202070236,-4.9209947586,-4.9200139046,-4.9206800461,-4.9233531952,-4.9227380753,-4.9217462540,-4.9212670326,-4.9227447510,-4.9241552353,-4.9240446091,-4.9236054420,-4.9230723381,-4.9219684601,-4.9206590652,-4.9203310013,-4.9208331108,-4.9208517075,-4.9194455147,-4.9193210602,-4.9186139107,-4.9157371521,-4.9126548767,-4.9119429588,-4.9124250412,-4.9102196693,-4.9073472023,-4.9055333138,-4.9043841362,-4.9028906822,-4.9005451202,-4.8965106010,-4.8936047554,-4.8921203613,-4.8892507553,-4.8854813576,-4.8835406303,-4.8819770813,-4.8768906593,-4.8744668961,-4.8708872795,-4.8667526245,-4.8638296127,-4.8587331772,-4.8561863899
-4.9118819237,-4.9139370918,-4.9150018692,-4.9169306755,-4.9176354408,-4.9200992584,-4.9204630852,-4.9199337959,-4.9214701653,-4.9238862991,-4.9226551056,-4.9224004745,-4.9233188629,-4.9250893593,-4.9254002571,-4.9241285324,-4.9239692688,-4.9252314568,-4.9253025055,-4.9242310524,-4.9232034683,-4.9228410721,-4.9227933884,-4.9223909378,-4.9219975471,-4.9209876060,-4.9182319641,-4.9155125618,-4.9145708084,-4.9137868881,-4.9123368263,-4.9112553596,-4.9099359512,-4.9087119102,-4.9066619873,-4.9027786255,-4.9000368118,-4.8982229233,-4.8970069885,-4.8936758041,-4.8893132210,-4.8869128227,-4.8853282928,-4.8823490143,-4.8796257973,-4.8766088486,-4.8725023270,-4.8683800697,-4.8659334183,-4.8617019653
-4.9129805565,-4.9141921997,-4.9145503044,-4.9169569016,-4.9174318314,-4.9207201004,-4.9207658768,-4.9202852249,-4.9216866493,-4.9233984947,-4.9234681129,-4.9257326126,-4.9261074066,-4.9254431725,-4.9248380661,-4.9254055023,-4.9273080826,-4.9271640778,-4.9266228676,-4.9264049530,-4.9256639481,-4.9240756035,-4.9233665466,-4.9254984856,-4.9242711067,-4.9227538109,-4.9215564728,-4.9203372002,-4.9192099571,-4.9185175896,-4.9171638489,-4.9158320427,-4.9130558968,-4.9108400345,-4.9087562561,-4.9052405357,-4.9048867226,-4.9031081200,-4.9018516541,-4.8978261948,-4.8931617737,-4.8916215897,-4.8899922371,-4.8886446953,-4.8841567039,-4.8802423477,-4.8772506714,-4.8739724159,-4.8710823059,-4.8680138588
-4.9132103920,-4.9139466286,-4.9149870872,-4.9177975655,-4.9184613228,-4.9216761589,-4.9214572906,-4.9222736359,-4.9238352776,-4.9234290123,-4.9240107536,-4.9272546768,-4.9269556999,-4.9260954857,-4.9266653061,-4.9281921387,-4.9291949272,-4.9278459549,-4.9262242317,-4.9277358055,-4.9283518791,-4.9266729355,-4.9258289337,-4.9270977974,-4.9257435799,-4.9240679741,-4.9235458374,-4.9229264259,-4.9214940071,-4.9206223488,-4.9193482399,-4.9179420471,-4.9153342247,-4.9131798744,-4.9115676880,-4.9093890190,-4.9087095261,-4.9080629349,-4.9061036110,-4.9019465446,-4.8980154991,-4.8963646889,-4.8946132660,-4.8930811882,-4.8876180649,-4.8839125633,-4.8824548721,-4.8803648949,-4.8765769005,-4.8719906807
-4.9116511345,-4.9123754501,-4.9149060249,-4.9186415672,-4.9178981781,-4.9209418297,-4.9217567444,-4.9236574173,-4.9252409935,-4.9241700172,-4.9247050285,-4.9280605316,-4.9273905754,-4.9284014702,-4.9297695160,-4.9291300774,-4.9283967018,-4.9281558990,-4.9287829399,-4.9299960136,-4.9296641350,-4.9284949303,-4.9281916618,-4.9272050858,-4.9275689125,-4.9276390076,-4.9271039963,-4.9259467125,-4.9242401123,-4.9225111008,-4.9223351479,-4.9198842049,-4.9188041687,-4.9179449081,-4.9162578583,-4.9146146774,-4.9128327370,-4.9120192528,-4.9101815224,-4.9064989090,-4.9024934769,-4.9001774788,-4.8994059563,-4.8977594376,-4.8935375214,-4.8893814087,-4.8867177963,-4.8850750923,-4.8829731941,-4.8777089119
-4.9107785225,-4.9123282433,-4.9163064957,-4.9181585312,-4.9183115959,-4.9210972786,-4.9223146439,-4.9245762825,-4.9259099960,-4.9252700806,-4.9277753830,-4.9278621674,-4.9274940491,-4.9299306870,-4.9311575890,-4.9292135239,-4.9283466339,-4.9308695793,-4.9306631088,-4.9303569794,-4.9316020012,-4.9325418472,-4.9313392639,-4.9299621582,-4.9305233955,-4.9300794601,-4.9287199974,-4.9268932343,-4.9262590408,-4.9278345108,-4.9268536568,-4.9246706963,-4.9234495163,-4.9221415520,-4.9207897186,-4.9201207161,-4.9181866646,-4.9166784286,-4.9126477242,-4.9090547562,-4.9064931870,-4.9042830467,-4.9030508995,-4.9012818336,-4.8990526199,-4.8961043358,-4.8924241066,-4.8888883591,-4.8864731789,-4.8846883774
-4.9109563828,-4.9128189087,-4.9155864716,-4.9162631035,-4.9175157547,-4.9219951630,-4.9222435951,-4.9236097336,-4.9257249832,-4.9265527725,-4.9295759201,-4.9281191826,-4.9300203323,-4.9309577942,-4.9304757118,-4.9311170578,-4.9330697060,-4.9328479767,-4.9324808121,-4.9330601692,-4.9343452454,-4.9345502853,-4.9327740669,-4.9314494133,-4.9337062836,-4.9330163002,-4.9311685562,-4.9300074577,-4.9297299385,-4.9295949936,-4.9278006554,-4.9261155128,-4.9246582985,-4.9229354858,-4.9218993187,-4.9217991829,-4.9198656082,-4.9183788300,-4.9151225090,-4.9125757217,-4.9110670090,-4.9092359543,-4.9069743156,-4.9051098824,-4.9032855034,-4.9015951157,-4.8988852501,-4.8947153091,-4.8906965256,-4.8889441490
-4.9094872475,-4.9128303528,-4.9155931473,-4.9152593613,-4.9195904732,-4.9218311310,-4.9222331047,-4.9243540764,-4.9258708954,-4.9256935120,-4.9287719727,-4.9289135933,-4.9314498901,-4.9315123558,-4.9319305420,-4.9343209267,-4.9347805977,-4.9333310127,-4.9355854988,-4.9357099533,-4.9351401329,-4.9355926514,-4.9362316132,-4.9359450340,-4.9353504181,-4.9339013100,-4.9329829216,-4.9335927963,-4.9339795113,-4.9321818352,-4.9315667152,-4.9302024841,-4.9284749031,-4.9265999794,-4.9250440598,-4.9238038063,-4.9218487740,-4.9202213287,-4.9183359146,-4.9172825813,-4.9162168503,-4.9142131805,-4.9120039940,-4.9100103378,-4.9081397057,-4.9061388969,-4.9039964676,-4.9014549255,-4.8976650238,-4.8923134804
-4.9106326103,-4.9139900208,-4.9151349068,-4.9159331322,-4.9192438126,-4.9222807884,-4.9230823517,-4.9252572060,-4.9267287254,-4.9263100624,-4.9291467667,-4.9295415878,-4.9323296547,-4.9324374199,-4.9330515862,-4.9353652000,-4.9356217384,-4.9365267754,-4.9373626709,-4.9361643791,-4.9369807243,-4.9383468628,-4.9373679161,-4.9375033379,-4.9380970001,-4.9380927086,-4.9369907379,-4.9357824326,-4.9351406097,-4.9349279404,-4.9357485771,-4.9344630241,-4.9335341454,-4.9322028160,-4.9303307533,-4.9285793304,-4.9266037941,-4.9249310493,-4.9228835106,-4.9213070869,-4.9198460579,-4.9178085327,-4.9157438278,-4.9148964882,-4.9119915962,-4.9104418755,-4.9087157249,-4.9064121246,-4.9037971497,-4.8988308907
-4.9106240273,-4.9140152931,-4.9161338806,-4.9168400764,-4.9200472832,-4.9231176376,-4.9242353439,-4.9252958298,-4.9262380600,-4.9271469116,-4.9303178787,-4.9328474998,-4.9338636398,-4.9348249435,-4.9358496666,-4.9356427193,-4.9347472191,-4.9376277924,-4.9378867149,-4.9397907257,-4.9404177666,-4.9395384789,-4.9396333694,-4.9407072067,-4.9410462379,-4.9396495819,-4.9407634735,-4.9413599968,-4.9394559860,-4.9379210472,-4.9366726875,-4.9363594055,-4.9370427132,-4.9361767769,-4.9346923828,-4.9339871407,-4.9319267273,-4.9301457405,-4.9280824661,-4.9261031151,-4.9242582321,-4.9222173691,-4.9200191498,-4.9185371399,-4.9160518646,-4.9142551422,-4.9121403694,-4.9102249146,-4.9086017609,-4.9048333168
-4.9118890762,-4.9128308296,-4.9130949974,-4.9163084030,-4.9192318916,-4.9239811897,-4.9239788055,-4.9259796143,-4.9295053482,-4.9303321838,-4.9311699867,-4.9342622757,-4.9335465431,-4.9349999428,-4.9367470741,-4.9376912117,-4.9397687912,-4.9388585091,-4.9409885406,-4.9409279823,-4.9401192665,-4.9412827492,-4.9431204796,-4.9416451454,-4.9401745796,-4.9420790672,-4.9433598518,-4.9423103333,-4.9417757988,-4.9433503151,-4.9414553642,-4.9400095940,-4.9385256767,-4.9376583099,-4.9379191399,-4.9379544258,-4.9358391762,-4.9352593422,-4.9333214760,-4.9312644005,-4.9294128418,-4.9273509979,-4.9250388145,-4.9229550362,-4.9209294319,-4.9187936783,-4.9163098335,-4.9140996933,-4.9121918678,-4.9093647003
-4.9109945297,-4.9126944542,-4.9138617516,-4.9173073769,-4.9219250679,-4.9237670898,-4.9242863655,-4.9261555672,-4.9294314384,-4.9317226410,-4.9320120811,-4.9351034164,-4.9345259666,-4.9359006882,-4.9374995232,-4.9386186600,-4.9410209656,-4.9396696091,-4.9422130585,-4.9429860115,-4.9435563087,-4.9442963600,-4.9450163841,-4.9472098351,-4.9457573891,-4.9441127777,-4.9454922676,-4.9459452629,-4.9445643425,-4.9444117546,-4.9428925514,-4.9447250366,-4.9437308311,-4.9418339729,-4.9402885437,-4.9388041496,-4.9382362366,-4.9389519691,-4.9383106232,-4.9366240501,-4.9346165657,-4.9324650764,-4.9301261902,-4.9280624390,-4.9259395599,-4.9237928391,-4.9213218689,-4.9187817574,-4.9164438248,-4.9141125679
-4.9103031158,-4.9109959602,-4.9136996269,-4.9183182716,-4.9212255478,-4.9244933128,-4.9253602028,-4.9271702766,-4.9304571152,-4.9327063560,-4.9331669807,-4.9344363213,-4.9348502159,-4.9369120598,-4.9399442673,-4.9417343140,-4.9420804977,-4.9433531761,-4.9435629845,-4.9458527565,-4.9460806847,-4.9461541176,-4.9483647346,-4.9483118057,-4.9466934204,-4.9485745430,-4.9484238625,-4.9472351074,-4.9474363327,-4.9481625557,-4.9479689598,-4.9464211464,-4.9464578629,-4.9467267990,-4.9455990791,-4.9432888031,-4.9415192604,-4.9413371086,-4.9417853355,-4.9403805733,-4.9389982224,-4.9377951622,-4.9353389740,-4.9332394600,-4.9310765266,-4.9288411140,-4.9262032509,-4.9235625267,-4.9211196899,-4.9188871384
-4.9079403877,-4.9112825394,-4.9143977165,-4.9177546501,-4.9223546982,-4.9215478897,-4.9231829643,-4.9273777008,-4.9315633774,-4.9332537651,-4.9324221611,-4.9368653297,-4.9388136864,-4.9391345978,-4.9408288002,-4.9430537224,-4.9433383942,-4.9443278313,-4.9444985390,-4.9467935562,-4.9469995499,-4.9470748901,-4.9492797852,-4.9492268562,-4.9502377510,-4.9501676559,-4.9519515038,-4.9524302483,-4.9502596855,-4.9493083954,-4.9518513680,-4.9501376152,-4.9493556023,-4.9480814934,-4.9481077194,-4.9491319656,-4.9467716217,-4.9449954033,-4.9428029060,-4.9436678886,-4.9437022209,-4.9413828850,-4.9389863014,-4.9368648529,-4.9346323013,-4.9331011772,-4.9325962067,-4.9312901497,-4.9285750389,-4.9262900352
-4.9093389511,-4.9122133255,-4.9159779549,-4.9202847481,-4.9217290878,-4.9221310616,-4.9245767593,-4.9275584221,-4.9313321114,-4.9345264435,-4.9333791733,-4.9362311363,-4.9394717216,-4.9403443336,-4.9415531158,-4.9447526932,-4.9470148087,-4.9456467628,-4.9479651451,-4.9487013817,-4.9504208565,-4.9513235092,-4.9506249428,-4.9530992508,-4.9531102180,-4.9538474083,-4.9541354179,-4.9528617859,-4.9527144432,-4.9546937943,-4.9528164864,-4.9548964500,-4.9538230896,-4.9528422356,-4.9517879486,-4.9503531456,-4.9507837296,-4.9502930641,-4.9479217529,-4.9490160942,-4.9490714073,-4.9464635849,-4.9440279007,-4.9418444633,-4.9395947456,-4.9368805885,-4.9373278618,-4.9371571541,-4.9343714714,-4.9318814278
-4.9084992409,-4.9125475883,-4.9167819023,-4.9196748734,-4.9224572182,-4.9232258797,-4.9256272316,-4.9288415909,-4.9319338799,-4.9341173172,-4.9346437454,-4.9373703003,-4.9404544830,-4.9418234825,-4.9422707558,-4.9445381165,-4.9480957985,-4.9471049309,-4.9491581917,-4.9518790245,-4.9527859688,-4.9532065392,-4.9541311264,-4.9540691376,-4.9566826820,-4.9556589127,-4.9548530579,-4.9553408623,-4.9558820724,-4.9559807777,-4.9566512108,-4.9564294815,-4.9544572830,-4.9553017616,-4.9558329582,-4.9537410736,-4.9534912109,-4.9556355476,-4.9537930489,-4.9512896538,-4.9518442154,-4.9521927834,-4.9494018555,-4.9471845627,-4.9449105263,-4.9418478012,-4.9423718452,-4.9422240257,-4.9393796921,-4.9367876053
-4.9108409882,-4.9146471024,-4.9177670479,-4.9205660820,-4.9208555222,-4.9222593307,-4.9263796806,-4.9301352501,-4.9330554008,-4.9355177879,-4.9360961914,-4.9387650490,-4.9414701462,-4.9445509911,-4.9459066391,-4.9465227127,-4.9493651390,-4.9522027969,-4.9510235786,-4.9528350830,-4.9540977478,-4.9551014900,-4.9565215111,-4.9553642273,-4.9575352669,-4.9580664635,-4.9584722519,-4.9587397575,-4.9590730667,-4.9597501755,-4.9594469070,-4.9614586830,-4.9604563713,-4.9582262039,-4.9584741592,-4.9593009949,-4.9573616982,-4.9594111443,-4.9589829445,-4.9571409225,-4.9544568062,-4.9539661407,-4.9550824165,-4.9525103569,-4.9497513771,-4.9508318901,-4.9497880936,-4.9471440315,-4.9445414543,-4.9417986870
-4.9102454185,-4.9132876396,-4.9165639877,-4.9192652702,-4.9204378128,-4.9233756065,-4.9274206161,-4.9310693741,-4.9340949059,-4.9371418953,-4.9399218559,-4.9399266243,-4.9426021576,-4.9458127022,-4.9466447830,-4.9466009140,-4.9488558769,-4.9515442848,-4.9522662163,-4.9539747238,-4.9567809105,-4.9584136009,-4.9585466385,-4.9594726562,-4.9593005180,-4.9612507820,-4.9607129097,-4.9611845016,-4.9629054070,-4.9628610611,-4.9633626938,-4.9629521370,-4.9632768631,-4.9632744789,-4.9641399384,-4.9648208618,-4.9628973007,-4.9622039795,-4.9623193741,-4.9608945847,-4.9593148232,-4.9589843750,-4.9591417313,-4.9580078125,-4.9552330971,-4.9550595284,-4.9545426369,-4.9525237083,-4.9497857094,-4.9469594955
-4.9071674347,-4.9104437828,-4.9134426117,-4.9167060852,-4.9212946892,-4.9246563911,-4.9274840355,-4.9312505722,-4.9352550507,-4.9383845329,-4.9407672882,-4.9397006035,-4.9429788589,-4.9466757774,-4.9498891830,-4.9512505531,-4.9500837326,-4.9528012276,-4.9556856155,-4.9566063881,-4.9578905106,-4.9605078697,-4.9623761177,-4.9618625641,-4.9630441666,-4.9633646011,-4.9638948441,-4.9641451836,-4.9648890495,-4.9664778709,-4.9664387703,-4.9668416977,-4.9665231705,-4.9668250084,-4.9667830467,-4.9668884277,-4.9681825638,-4.9665784836,-4.9638519287,-4.9650893211,-4.9652447701,-4.9644789696,-4.9646525383,-4.9633436203,-4.9591484070,-4.9576511383,-4.9576148987,-4.9571251869,-4.9549465179,-4.9524211884
-4.9079070091,-4.9120187759,-4.9150652885,-4.9180674553,-4.9210448265,-4.9255743027,-4.9290695190,-4.9318156242,-4.9353413582,-4.9391279221,-4.9404892921,-4.9410448074,-4.9431791306,-4.9470357895,-4.9506425858,-4.9520630836,-4.9519991875,-4.9541840553,-4.9566636086,-4.9595851898,-4.9604282379,-4.9614424706,-4.9633646011,-4.9626846313,-4.9640941620,-4.9667472839,-4.9677438736,-4.9680342674,-4.9681696892,-4.9683165550,-4.9699964523,-4.9700765610,-4.9702787399,-4.9701585770,-4.9701652527,-4.9700498581,-4.9697461128,-4.9715380669,-4.9698381424,-4.9705157280,-4.9698224068,-4.9679193497,-4.9674053192,-4.9672055244,-4.9646778107,-4.9620018005,-4.9626860619,-4.9615406990,-4.9589061737,-4.9579901695
