gfs2.json
{"header": {"discipline":0,"disciplineName":"Meteorological products","gribEdition":2,"gribLength":131858,"center":7,"centerName":"US National Weather Service - NCEP(WMC)","subcenter":0,"refTime":"2019-07-08T11:58:56.000Z","significanceOfRT":1,"significanceOfRTName":"Start of forecast","productStatus":0,"productStatusName":"Operational products","productType":1,"productTypeName":"Forecast products","productDefinitionTemplate":0,"productDefinitionTemplateName":"Analysis/forecast at horizontal level/layer at a point in time","parameterCategory":2,"parameterCategoryName":"Momentum","parameterNumber":3,"parameterNumberName":"V_component_of_wind","parameterUnit":"m.s-1","maxWind":"7","genProcessType":2,"genProcessTypeName":"Forecast","forecastTime":3,"surface1Type":103,"surface1TypeName":"Specified height level above ground","surface1Value":10,"surface2Type":255,"surface2TypeName":"Missing","surface2Value":0,"gridDefinitionTemplate":0,"gridDefinitionTemplateName":"Latitude_Longitude","numberPoints":83232,"shape":5,"shapeName":"Earth assumed represented by WGS84 (as used by ICAO since 1998)","gridUnits":"degrees","resolution":48,"winds":"true","scanMode":0,"nx":289,"ny":288,"basicAngle":0,"subDivisions":0,"lo1":139.23199462890625,"la1":34.9739990234375,"lo2":139.80767822265625,"la2":35.54768371582031,"dx":0.0019989014,"dy":-0.0019989013671875}, "data":
[rows 242 to 263 of 288, columns 50 to 99 of 289]
-0.5613719821,-0.5704908371,-0.5784628391,-0.5890558362,-0.5953484774,-0.6061276793,-0.6166314483,-0.6233659983,-0.6317945123,-0.6424531937,-0.6526170373,-0.6628245711,-0.6724409461,-0.6826208830,-0.6923851371,-0.7019334435,-0.7117218971,-0.7213398814,-0.7303518057,-0.7393428087,-0.7486593723,-0.7576941252,-0.7663967609,-0.7763018012,-0.7875487804,-0.7983425856,-0.8065534234,-0.8158538938,-0.8273804784,-0.8367736340,-0.8474982977,-0.8584579825,-0.8670310974,-0.8793070912,-0.8871360421,-0.8979498148,-0.9076364040,-0.9173316360,-0.9292117357,-0.9404806495,-0.9517031908,-0.9599751830,-0.9702669382,-0.9817520976,-0.9927983284,-1.0036838055,-1.0134683847,-1.0241310596,-1.0347102880,-1.0454499722
-0.5420978665,-0.5512750745,-0.5591847897,-0.5700755119,-0.5806234479,-0.5871735811,-0.5972580314,-0.6080910563,-0.6152529120,-0.6228784323,-0.6331848502,-0.6431508660,-0.6530517936,-0.6632124186,-0.6728738546,-0.6824038029,-0.6919555664,-0.7014250159,-0.7107052803,-0.7199518681,-0.7292754650,-0.7382479906,-0.7468557954,-0.7587441802,-0.7702670097,-0.7784270644,-0.7876780033,-0.8004707694,-0.8093501329,-0.8171059489,-0.8277865052,-0.8384457827,-0.8475165367,-0.8596047759,-0.8676893115,-0.8786299825,-0.8909631968,-0.9004412293,-0.9089437723,-0.9207814932,-0.9321705103,-0.9431254268,-0.9516343474,-0.9611526728,-0.9725673795,-0.9838120341,-0.9946263433,-1.0059264898,-1.0164875984,-1.0269889832
-0.5229903460,-0.5320652723,-0.5399125814,-0.5511648059,-0.5611343384,-0.5673707724,-0.5779492855,-0.5884166360,-0.5957033634,-0.6040771008,-0.6141693592,-0.6238886714,-0.6342553496,-0.6443843842,-0.6536807418,-0.6630753875,-0.6725082397,-0.6818717718,-0.6911538839,-0.7003385425,-0.7095643282,-0.7189718485,-0.7298871875,-0.7407098413,-0.7503250837,-0.7585455775,-0.7680257559,-0.7810761333,-0.7897000909,-0.7985226512,-0.8091410995,-0.8194451332,-0.8284730911,-0.8398334980,-0.8520242572,-0.8599493504,-0.8703373671,-0.8826065660,-0.8929804564,-0.9004071355,-0.9076642990,-0.9226510525,-0.9348916411,-0.9454162717,-0.9548215866,-0.9631646872,-0.9740930796,-0.9851726890,-0.9957320690,-1.0080019236
-0.5050481558,-0.5138463378,-0.5224044323,-0.5320259929,-0.5417597890,-0.5483962893,-0.5588400364,-0.5694866180,-0.5768048167,-0.5850107074,-0.5952168703,-0.6049380302,-0.6145889759,-0.6247384548,-0.6343747973,-0.6438763142,-0.6535617113,-0.6628275514,-0.6718175411,-0.6810799241,-0.6904022098,-0.6995826364,-0.7125263810,-0.7226838470,-0.7309172153,-0.7392136455,-0.7489303946,-0.7611288428,-0.7700691223,-0.7819657326,-0.7910029292,-0.8011629581,-0.8121929765,-0.8203583360,-0.8324143291,-0.8402218819,-0.8508678079,-0.8631377816,-0.8729712963,-0.8808479309,-0.8922927976,-0.9040890336,-0.9120200276,-0.9241766334,-0.9373557568,-0.9471166134,-0.9583622217,-0.9687268138,-0.9791890979,-0.9906905890
-0.4867039919,-0.4960338175,-0.5050660968,-0.5131478310,-0.5230325460,-0.5296245813,-0.5398355722,-0.5502513647,-0.5609736443,-0.5680714846,-0.5757732987,-0.5859078765,-0.5959267616,-0.6059826612,-0.6156208515,-0.6251378655,-0.6345958710,-0.6438560486,-0.6529811025,-0.6621522903,-0.6712309122,-0.6801652908,-0.6929355264,-0.7031046152,-0.7115560770,-0.7198423743,-0.7297819257,-0.7416641116,-0.7504243851,-0.7624313831,-0.7715643048,-0.7819569707,-0.7925195098,-0.8010179400,-0.8130509853,-0.8211935759,-0.8316568732,-0.8434391022,-0.8550636768,-0.8651589155,-0.8730031252,-0.8838927150,-0.8947287798,-0.9059866071,-0.9174886346,-0.9284870028,-0.9394794106,-0.9498189688,-0.9608359337,-0.9715579152
-0.4677938521,-0.4775409698,-0.4858479202,-0.4940514266,-0.5036538839,-0.5103769898,-0.5208696127,-0.5314811468,-0.5422040224,-0.5490588546,-0.5569570065,-0.5670922399,-0.5770307183,-0.5864766240,-0.5964619517,-0.6060027480,-0.6154211164,-0.6247230768,-0.6341246367,-0.6432812810,-0.6519489884,-0.6613815427,-0.6737516522,-0.6835070848,-0.6921622753,-0.7019037604,-0.7125715613,-0.7225331068,-0.7307564020,-0.7431330681,-0.7522507310,-0.7628425360,-0.7729851604,-0.7815687656,-0.7937397957,-0.8054646850,-0.8135287166,-0.8236829638,-0.8354929686,-0.8471584916,-0.8580381274,-0.8650977015,-0.8754600883,-0.8866266608,-0.8976550698,-0.9086154103,-0.9194386005,-0.9301136732,-0.9403839707,-0.9509378672
-0.4485955834,-0.4586217999,-0.4667618275,-0.4753334224,-0.4846816063,-0.4918137789,-0.5023250580,-0.5126818419,-0.5213115215,-0.5290533304,-0.5381519198,-0.5482634902,-0.5580677390,-0.5677400827,-0.5773808360,-0.5868391395,-0.5962266922,-0.6058638692,-0.6150020957,-0.6239793301,-0.6330249906,-0.6424095035,-0.6550175548,-0.6645668745,-0.6729709506,-0.6839936972,-0.6951075792,-0.7030763030,-0.7118453979,-0.7242624760,-0.7326023579,-0.7434400320,-0.7535129189,-0.7622487545,-0.7744894624,-0.7862319946,-0.7939467430,-0.8039490581,-0.8155188560,-0.8271559477,-0.8389859796,-0.8496816754,-0.8567407131,-0.8666732311,-0.8775927424,-0.8883519769,-0.8994721174,-0.9102122188,-0.9232337475,-0.9347313046
-0.4296811521,-0.4400722086,-0.4479547143,-0.4569293857,-0.4657976031,-0.4730511904,-0.4838970602,-0.4938659668,-0.4996432364,-0.5092685819,-0.5195072889,-0.5294310451,-0.5392380953,-0.5488097668,-0.5586009026,-0.5678294301,-0.5771861672,-0.5864412785,-0.5958883762,-0.6051666737,-0.6140498519,-0.6238358021,-0.6365067959,-0.6455129385,-0.6537242532,-0.6650726795,-0.6759564877,-0.6836534739,-0.6926727295,-0.7051284313,-0.7131794691,-0.7242373824,-0.7341103554,-0.7431085110,-0.7551229000,-0.7663646340,-0.7750447989,-0.7849111557,-0.7961343527,-0.8075526357,-0.8189331889,-0.8301405907,-0.8411588073,-0.8520118594,-0.8628212214,-0.8733491898,-0.8837254047,-0.8943034410,-0.9055976868,-0.9164805412
-0.4110250175,-0.4214948118,-0.4289014041,-0.4385164976,-0.4471661747,-0.4543326199,-0.4650616646,-0.4749603570,-0.4809344709,-0.4906908274,-0.5010039806,-0.5106451511,-0.5204109550,-0.5301400423,-0.5394627452,-0.5491651297,-0.5585414171,-0.5678431392,-0.5769896507,-0.5860626698,-0.5948032141,-0.6048087478,-0.6178281307,-0.6262876391,-0.6346654296,-0.6439865232,-0.6549525857,-0.6647322774,-0.6735274196,-0.6856505871,-0.6939095855,-0.7052175403,-0.7147507071,-0.7239982486,-0.7358152270,-0.7472563386,-0.7590776682,-0.7672138214,-0.7768506408,-0.7882185578,-0.7995627522,-0.8106917143,-0.8213567138,-0.8323166370,-0.8432912230,-0.8541321754,-0.8648443818,-0.8755192161,-0.8860309124,-0.8962188363
-0.3922609687,-0.3987550139,-0.4093644023,-0.4170061946,-0.4255212843,-0.4360019863,-0.4467083514,-0.4561909735,-0.4620552361,-0.4720529914,-0.4822795987,-0.4920147657,-0.5017780066,-0.5116425157,-0.5212531686,-0.5303933620,-0.5397020578,-0.5491296053,-0.5580406189,-0.5671838522,-0.5761643648,-0.5847255588,-0.5947361588,-0.6069007516,-0.6157226562,-0.6239643693,-0.6351618171,-0.6457989216,-0.6547749043,-0.6667657495,-0.6748756766,-0.6861879826,-0.6952517033,-0.7046740651,-0.7166874409,-0.7284129858,-0.7397193909,-0.7478206158,-0.7578062415,-0.7690012455,-0.7800557613,-0.7912050486,-0.8022396564,-0.8128625751,-0.8235999942,-0.8343954086,-0.8451109529,-0.8556654453,-0.8658207059,-0.8761421442
-0.3735082448,-0.3801528811,-0.3907539845,-0.3984186947,-0.4074341357,-0.4181096256,-0.4267627001,-0.4341608286,-0.4436728060,-0.4537488520,-0.4637149274,-0.4734245539,-0.4834810495,-0.4920322001,-0.5004121661,-0.5102038383,-0.5198682547,-0.5302658081,-0.5393990278,-0.5483558774,-0.5572420359,-0.5659989119,-0.5758376122,-0.5883303881,-0.5969502330,-0.6053280234,-0.6164942980,-0.6265071034,-0.6358203888,-0.6477603316,-0.6555969119,-0.6672366261,-0.6761052012,-0.6857591271,-0.6976386905,-0.7094172835,-0.7209775448,-0.7281630039,-0.7379971743,-0.7493968606,-0.7607719898,-0.7717628479,-0.7823678851,-0.7936326861,-0.8045957685,-0.8150498271,-0.8254464865,-0.8360804915,-0.8464812040,-0.8561524153
-0.3552305996,-0.3616409898,-0.3726240695,-0.3793464899,-0.3887823522,-0.3968593776,-0.4049595296,-0.4150824547,-0.4253746271,-0.4354079962,-0.4455514252,-0.4527328014,-0.4620578289,-0.4706068039,-0.4785833955,-0.4880413711,-0.4977146387,-0.5103389621,-0.5209455490,-0.5298868418,-0.5384472609,-0.5469307899,-0.5572001338,-0.5698024035,-0.5778697133,-0.5862898827,-0.5975409746,-0.6075683832,-0.6173981428,-0.6286969185,-0.6365584135,-0.6486214399,-0.6570171118,-0.6668757200,-0.6788905263,-0.6900393963,-0.7000204921,-0.7084887624,-0.7189258337,-0.7301968932,-0.7413966060,-0.7524170876,-0.7633575201,-0.7738997936,-0.7846091986,-0.7953118086,-0.8059133887,-0.8162448406,-0.8264155388,-0.8396185637
-0.3352145851,-0.3433552980,-0.3533857167,-0.3607519865,-0.3702772558,-0.3780009747,-0.3864121735,-0.3967993855,-0.4070482850,-0.4169980288,-0.4232277572,-0.4317053854,-0.4410724342,-0.4511013329,-0.4608112574,-0.4700884223,-0.4792018533,-0.4880588055,-0.5008649826,-0.5113605857,-0.5201023817,-0.5288175941,-0.5372814536,-0.5467253327,-0.5589870214,-0.5673438907,-0.5792827606,-0.5892069936,-0.5972456336,-0.6069417000,-0.6180139184,-0.6299034357,-0.6379483938,-0.6479369998,-0.6599191427,-0.6698098779,-0.6771406531,-0.6887832284,-0.7001368999,-0.7113186717,-0.7223480344,-0.7331402898,-0.7440496683,-0.7548381686,-0.7652146220,-0.7757809162,-0.7863817215,-0.7966389060,-0.8070721030,-0.8213517666
-0.3143796325,-0.3246099055,-0.3311851919,-0.3420104980,-0.3483796120,-0.3578682542,-0.3684569597,-0.3789837062,-0.3874456286,-0.3939463794,-0.4033320248,-0.4132075012,-0.4231921136,-0.4327344894,-0.4421003461,-0.4512734711,-0.4604607821,-0.4696883857,-0.4785492420,-0.4907324910,-0.5012541413,-0.5100958347,-0.5184612274,-0.5278875828,-0.5404567719,-0.5487512350,-0.5572531819,-0.5685108900,-0.5779752731,-0.5869233012,-0.5993664265,-0.6113968492,-0.6189384460,-0.6290590167,-0.6410926580,-0.6509936452,-0.6588168144,-0.6702890992,-0.6810053587,-0.6920871735,-0.7032371163,-0.7141611576,-0.7249636054,-0.7350814939,-0.7425867319,-0.7546598911,-0.7667296529,-0.7781198025,-0.7915542722,-0.8022488356
-0.2965133190,-0.3063931465,-0.3132662475,-0.3241345882,-0.3302182257,-0.3400847912,-0.3507796526,-0.3577092290,-0.3653673828,-0.3757379055,-0.3852286339,-0.3952163458,-0.4050205052,-0.4144932032,-0.4235748351,-0.4327301979,-0.4420045614,-0.4513241053,-0.4605369568,-0.4688619375,-0.4807368517,-0.4914019108,-0.4999193549,-0.5081324577,-0.5173087120,-0.5298474431,-0.5378044844,-0.5492707491,-0.5590760112,-0.5686022639,-0.5801361203,-0.5893455148,-0.5993325114,-0.6106991172,-0.6209942102,-0.6303232312,-0.6401636600,-0.6516447067,-0.6619077325,-0.6730195284,-0.6840837002,-0.6946593523,-0.7052969933,-0.7160334587,-0.7266665101,-0.7369258404,-0.7469666600,-0.7590596080,-0.7729839087,-0.7826815248
-0.2767443061,-0.2858250439,-0.2947932184,-0.3037803471,-0.3115803003,-0.3222358525,-0.3318704963,-0.3391045928,-0.3472206593,-0.3574528396,-0.3673146069,-0.3771957755,-0.3867006898,-0.3962483704,-0.4055123627,-0.4149176180,-0.4243066907,-0.4331459999,-0.4416792691,-0.4506963491,-0.4590936601,-0.4703517258,-0.4812315702,-0.4896007478,-0.4989475012,-0.5113521218,-0.5194882154,-0.5310820937,-0.5403004289,-0.5503171682,-0.5611239076,-0.5684195757,-0.5802747011,-0.5923041105,-0.6004545093,-0.6093965173,-0.6210048199,-0.6321496367,-0.6430996060,-0.6538081169,-0.6647481322,-0.6756086349,-0.6863612533,-0.6969552040,-0.7069415450,-0.7176201940,-0.7279595137,-0.7400781512,-0.7534830570,-0.7633624673
-0.2618891299,-0.2703667879,-0.2781695426,-0.2826722562,-0.2935865521,-0.3025288284,-0.3097453117,-0.3192865551,-0.3295387924,-0.3392783105,-0.3474720716,-0.3539908826,-0.3639102578,-0.3739220500,-0.3834642768,-0.3930813968,-0.4025110304,-0.4127743840,-0.4234404862,-0.4324519038,-0.4409930706,-0.4489890933,-0.4599891603,-0.4710893333,-0.4791727662,-0.4877948463,-0.5002881885,-0.5089449883,-0.5200737119,-0.5299248099,-0.5392459035,-0.5500571728,-0.5615267158,-0.5707609653,-0.5801270604,-0.5907843113,-0.6022868752,-0.6132591367,-0.6242415905,-0.6349910498,-0.6459407806,-0.6566165686,-0.6669893861,-0.6773771644,-0.6882324815,-0.6984491944,-0.7086640596,-0.7209818959,-0.7339462042,-0.7437577844
-0.2538984716,-0.2621683180,-0.2634025514,-0.2646662593,-0.2751014233,-0.2808745205,-0.2912116051,-0.3014138937,-0.3109146357,-0.3181910515,-0.3256740272,-0.3355633318,-0.3449175656,-0.3543622494,-0.3638312519,-0.3728504777,-0.3817307353,-0.3917514980,-0.4024606049,-0.4119008482,-0.4225431979,-0.4310697913,-0.4390895963,-0.4501956701,-0.4609943628,-0.4697713554,-0.4818194807,-0.4899061024,-0.5013325810,-0.5103514791,-0.5194957852,-0.5317712426,-0.5430370569,-0.5501912236,-0.5605062246,-0.5722157955,-0.5836381316,-0.5945777893,-0.6053961515,-0.6162658930,-0.6272845864,-0.6378875375,-0.6482546329,-0.6586781144,-0.6689717770,-0.6794822216,-0.6927455068,-0.7046653628,-0.7146628499,-0.7245332599
-0.2498626411,-0.2540924251,-0.2502452433,-0.2477244884,-0.2540617287,-0.2632302046,-0.2736482620,-0.2820525169,-0.2890721858,-0.2980403006,-0.3081380427,-0.3176711202,-0.3270461559,-0.3364039660,-0.3455802500,-0.3548967838,-0.3640077114,-0.3728721738,-0.3814151287,-0.3905131817,-0.4018343985,-0.4124473631,-0.4209023118,-0.4315297306,-0.4422178566,-0.4503703117,-0.4592755139,-0.4711252153,-0.4794615209,-0.4897855818,-0.5016826987,-0.5124170780,-0.5212008953,-0.5315697789,-0.5423631668,-0.5535931587,-0.5635626912,-0.5734463334,-0.5848776698,-0.5958190560,-0.6068952084,-0.6177678108,-0.6286704540,-0.6393377781,-0.6499745250,-0.6602791548,-0.6736750007,-0.6856748462,-0.6953027248,-0.7055763006
-0.2410045266,-0.2386530340,-0.2327358723,-0.2293872386,-0.2343002260,-0.2449268848,-0.2528814375,-0.2604745030,-0.2702114582,-0.2803768516,-0.2893592119,-0.2987844646,-0.3086302280,-0.3179841936,-0.3273534179,-0.3370269239,-0.3461117148,-0.3549066782,-0.3634991050,-0.3718145490,-0.3806097806,-0.3921561241,-0.4024491608,-0.4107303619,-0.4209396541,-0.4314856231,-0.4405823946,-0.4524188042,-0.4603631794,-0.4713388979,-0.4810725749,-0.4903221130,-0.5009567142,-0.5126591325,-0.5240653157,-0.5375774503,-0.5465810299,-0.5532634854,-0.5626218915,-0.5731800199,-0.5842380524,-0.5946573019,-0.6071476340,-0.6204513907,-0.6309468150,-0.6411644816,-0.6549109221,-0.6661515832,-0.6776647568,-0.6903123856
-0.2217926532,-0.2093781084,-0.2019634098,-0.2069149166,-0.2152775228,-0.2234598994,-0.2325301319,-0.2426171601,-0.2524129748,-0.2611634731,-0.2679335773,-0.2759664059,-0.2858966291,-0.2955120802,-0.3041920662,-0.3100352585,-0.3227494061,-0.3325427771,-0.3433634043,-0.3539479375,-0.3621432781,-0.3702428341,-0.3815922737,-0.3918785155,-0.3999712765,-0.4102506638,-0.4212511778,-0.4294418395,-0.4413916171,-0.4535533786,-0.4617629349,-0.4709245563,-0.4829403460,-0.4936073124,-0.5019441843,-0.5177900791,-0.5278912187,-0.5347369313,-0.5443614125,-0.5560550690,-0.5653035045,-0.5758212805,-0.5859503150,-0.5977624655,-0.6114492416,-0.6221950054,-0.6362608075,-0.6472008824,-0.6589197516,-0.6715242267
-0.1851665676,-0.1749077588,-0.1788341105,-0.1886832267,-0.1991011053,-0.2065423280,-0.2143440545,-0.2243262678,-0.2340377420,-0.2408864498,-0.2500722110,-0.2594124079,-0.2685172856,-0.2775707841,-0.2865393460,-0.2947786450,-0.3036737740,-0.3156098425,-0.3263199329,-0.3352085650,-0.3441747725,-0.3542318046,-0.3620269895,-0.3742482066,-0.3827593625,-0.3930491805,-0.4034126699,-0.4116282165,-0.4230976999,-0.4310460091,-0.4414481223,-0.4528920054,-0.4642043114,-0.4754909873,-0.4878006876,-0.5007008314,-0.5083315969,-0.5162506700,-0.5289740562,-0.5428451896,-0.5499361753,-0.5593727827,-0.5684220791,-0.5781969428,-0.5900118947,-0.6038872004,-0.6174960732,-0.6279204488,-0.6400294304,-0.6522040367
