gfs2.json
{"header": {"discipline":0,"disciplineName":"Meteorological products","gribEdition":2,"gribLength":131858,"center":7,"centerName":"US National Weather Service - NCEP(WMC)","subcenter":0,"refTime":"2019-07-08T11:58:56.000Z","significanceOfRT":1,"significanceOfRTName":"Start of forecast","productStatus":0,"productStatusName":"Operational products","productType":1,"productTypeName":"Forecast products","productDefinitionTemplate":0,"productDefinitionTemplateName":"Analysis/forecast at horizontal level/layer at a point in time","parameterCategory":2,"parameterCategoryName":"Momentum","parameterNumber":2,"parameterNumberName":"U_component_of_wind","parameterUnit":"m.s-1","maxWind":"7","genProcessType":2,"genProcessTypeName":"Forecast","forecastTime":3,"surface1Type":103,"surface1TypeName":"Specified height level above ground","surface1Value":10,"surface2Type":255,"surface2TypeName":"Missing","surface2Value":0,"gridDefinitionTemplate":0,"gridDefinitionTemplateName":"Latitude_Longitude","numberPoints":83232,"shape":5,"shapeName":"Earth assumed represented by WGS84 (as used by ICAO since 1998)","gridUnits":"degrees","resolution":48,"winds":"true","scanMode":0,"nx":289,"ny":288,"basicAngle":0,"subDivisions":0,"lo1":139.23199462890625,"la1":34.9739990234375,"lo2":139.80767822265625,"la2":35.54768371582031,"dx":0.0019989014,"dy":-0.0019989013671875}, "data":
[rows 66 to 87 of 288, columns 50 to 99 of 289]
-4.1979641914,-4.2137513161,-4.2305607796,-4.2454729080,-4.2599720955,-4.2769975662,-4.2917089462,-4.3063998222,-4.3197312355,-4.3360762596,-4.3516864777,-4.3647632599,-4.3801364899,-4.3971858025,-4.4106097221,-4.4232110977,-4.4393239021,-4.4542064667,-4.4665293694,-4.4804840088,-4.4969701767,-4.5112304688,-4.5226020813,-4.5352392197,-4.5509009361,-4.5658922195,-4.5780582428,-4.5902204514,-4.6024956703,-4.6183848381,-4.6317877769,-4.6433973312,-4.6559557915,-4.6699833870,-4.6843218803,-4.6976475716,-4.7095203400,-4.7211999893,-4.7328438759,-4.7461252213,-4.7611618042,-4.7726163864,-4.7841849327,-4.7957468033,-4.8071484566,-4.8184170723,-4.8303003311,-4.8430328369,-4.8544025421,-4.8655676842
-4.1949119568,-4.2119307518,-4.2290644646,-4.2432422638,-4.2578539848,-4.2757134438,-4.2888693810,-4.3037943840,-4.3192400932,-4.3349452019,-4.3490271568,-4.3631820679,-4.3798627853,-4.3937487602,-4.4067268372,-4.4205007553,-4.4370193481,-4.4519028664,-4.4640660286,-4.4777770042,-4.4944305420,-4.5075006485,-4.5196456909,-4.5329198837,-4.5486226082,-4.5636501312,-4.5758972168,-4.5880508423,-4.6001062393,-4.6161661148,-4.6294121742,-4.6422424316,-4.6546249390,-4.6655755043,-4.6793541908,-4.6935391426,-4.7071361542,-4.7192902565,-4.7309050560,-4.7426991463,-4.7543601990,-4.7659411430,-4.7814030647,-4.7938404083,-4.8052592278,-4.8168983459,-4.8282713890,-4.8398060799,-4.8526482582,-4.8626494408
-4.1962184906,-4.2117466927,-4.2265319824,-4.2421603203,-4.2578907013,-4.2733869553,-4.2869749069,-4.3016252518,-4.3175845146,-4.3331294060,-4.3468804359,-4.3613872528,-4.3782024384,-4.3910517693,-4.4040622711,-4.4181785583,-4.4336533546,-4.4486961365,-4.4619932175,-4.4756135941,-4.4922184944,-4.5048322678,-4.5173983574,-4.5308156013,-4.5464844704,-4.5615005493,-4.5736556053,-4.5860362053,-4.5980873108,-4.6139650345,-4.6274623871,-4.6393232346,-4.6513543129,-4.6632575989,-4.6753349304,-4.6913261414,-4.7037239075,-4.7164602280,-4.7291998863,-4.7408509254,-4.7525458336,-4.7642364502,-4.7758250237,-4.7870192528,-4.8010325432,-4.8149046898,-4.8261117935,-4.8376936913,-4.8490300179,-4.8604125977
-4.1945309639,-4.2103652954,-4.2236156464,-4.2391600609,-4.2564358711,-4.2713847160,-4.2849669456,-4.2994813919,-4.3154959679,-4.3300123215,-4.3437366486,-4.3594002724,-4.3760681152,-4.3889899254,-4.4019002914,-4.4182009697,-4.4337329865,-4.4473094940,-4.4598522186,-4.4735012054,-4.4901671410,-4.5027813911,-4.5151424408,-4.5287818909,-4.5436720848,-4.5576801300,-4.5698065758,-4.5821614265,-4.5960526466,-4.6082525253,-4.6232838631,-4.6375312805,-4.6492896080,-4.6616134644,-4.6751055717,-4.6854486465,-4.6981186867,-4.7121682167,-4.7261228561,-4.7389836311,-4.7507205009,-4.7624435425,-4.7741403580,-4.7857241631,-4.7972230911,-4.8085541725,-4.8203229904,-4.8331260681,-4.8445343971,-4.8558659554
-4.1927614212,-4.2084918022,-4.2216525078,-4.2371969223,-4.2541227341,-4.2678136826,-4.2828602791,-4.3000822067,-4.3145904541,-4.3277521133,-4.3415899277,-4.3567037582,-4.3725290298,-4.3869886398,-4.3999233246,-4.4165530205,-4.4309959412,-4.4434819221,-4.4567236900,-4.4712734222,-4.4864888191,-4.5005998611,-4.5133447647,-4.5256628990,-4.5389509201,-4.5534744263,-4.5682935715,-4.5819339752,-4.5941152573,-4.6064400673,-4.6183238029,-4.6325650215,-4.6474928856,-4.6594986916,-4.6713709831,-4.6849365234,-4.6958417892,-4.7077779770,-4.7217354774,-4.7352333069,-4.7470345497,-4.7601194382,-4.7718925476,-4.7838687897,-4.7957191467,-4.8072614670,-4.8188152313,-4.8302540779,-4.8416018486,-4.8528904915
-4.1897263527,-4.2059884071,-4.2200298309,-4.2354640961,-4.2523097992,-4.2659330368,-4.2810640335,-4.2968797684,-4.3121562004,-4.3261013031,-4.3389458656,-4.3533611298,-4.3706040382,-4.3850893974,-4.3982005119,-4.4108896255,-4.4268116951,-4.4419026375,-4.4543299675,-4.4672765732,-4.4816408157,-4.4983711243,-4.5116019249,-4.5239095688,-4.5360770226,-4.5499386787,-4.5662231445,-4.5799846649,-4.5908274651,-4.6039900780,-4.6168394089,-4.6286258698,-4.6419715881,-4.6573581696,-4.6697621346,-4.6815657616,-4.6947731972,-4.7062401772,-4.7179312706,-4.7308173180,-4.7423930168,-4.7542343140,-4.7657160759,-4.7801966667,-4.7934231758,-4.8046469688,-4.8161683083,-4.8276724815,-4.8391265869,-4.8508982658
-4.1880879402,-4.2046194077,-4.2176709175,-4.2327671051,-4.2510371208,-4.2642173767,-4.2792553902,-4.2966232300,-4.3110551834,-4.3242597580,-4.3371758461,-4.3515768051,-4.3688497543,-4.3832287788,-4.3948030472,-4.4085617065,-4.4250578880,-4.4400501251,-4.4525279999,-4.4654560089,-4.4797081947,-4.4962248802,-4.5097198486,-4.5221571922,-4.5344991684,-4.5472931862,-4.5613541603,-4.5760889053,-4.5902805328,-4.6028761864,-4.6149601936,-4.6271166801,-4.6390624046,-4.6516146660,-4.6671180725,-4.6793069839,-4.6915283203,-4.7046537399,-4.7174491882,-4.7287135124,-4.7393922806,-4.7525038719,-4.7646212578,-4.7761883736,-4.7877664566,-4.7993693352,-4.8108572960,-4.8223876953,-4.8338685036,-4.8463778496
-4.1857271194,-4.2013282776,-4.2160930634,-4.2323994637,-4.2493205070,-4.2625432014,-4.2760758400,-4.2927608490,-4.3085856438,-4.3226599693,-4.3355226517,-4.3499975204,-4.3670063019,-4.3798475266,-4.3928809166,-4.4069061279,-4.4217967987,-4.4368143082,-4.4507784843,-4.4633293152,-4.4760227203,-4.4899544716,-4.5063486099,-4.5205435753,-4.5329251289,-4.5452079773,-4.5578389168,-4.5714836121,-4.5861072540,-4.6004700661,-4.6132011414,-4.6252903938,-4.6374640465,-4.6493177414,-4.6614480019,-4.6731896400,-4.6880226135,-4.7016115189,-4.7131867409,-4.7248702049,-4.7372307777,-4.7487030029,-4.7616658211,-4.7736558914,-4.7851324081,-4.7967557907,-4.8083424568,-4.8197784424,-4.8312273026,-4.8430705070
-4.1854686737,-4.2007203102,-4.2139048576,-4.2288599014,-4.2459073067,-4.2612452507,-4.2746872902,-4.2875466347,-4.3044033051,-4.3202533722,-4.3337316513,-4.3482470512,-4.3647680283,-4.3784284592,-4.3913607597,-4.4039511681,-4.4175896645,-4.4335231781,-4.4491567612,-4.4617462158,-4.4744672775,-4.4882750511,-4.5030469894,-4.5176525116,-4.5310616493,-4.5435752869,-4.5560946465,-4.5683670044,-4.5817623138,-4.5960011482,-4.6089825630,-4.6222667694,-4.6354398727,-4.6467881203,-4.6602187157,-4.6721243858,-4.6837048531,-4.6964879036,-4.7085051537,-4.7195777893,-4.7327823639,-4.7449774742,-4.7561607361,-4.7681341171,-4.7800884247,-4.7915906906,-4.8032112122,-4.8148417473,-4.8264431953,-4.8389167786
-4.1820392609,-4.1980814934,-4.2125520706,-4.2267231941,-4.2424616814,-4.2596487999,-4.2730984688,-4.2863278389,-4.3024301529,-4.3173813820,-4.3315496445,-4.3457241058,-4.3593525887,-4.3758273125,-4.3896102905,-4.4025073051,-4.4160528183,-4.4307527542,-4.4460139275,-4.4604940414,-4.4730057716,-4.4854612350,-4.4988718033,-4.5134534836,-4.5281920433,-4.5419268608,-4.5545773506,-4.5667386055,-4.5791015625,-4.5911507607,-4.6040024757,-4.6180415154,-4.6322875023,-4.6453905106,-4.6572918892,-4.6703896523,-4.6827402115,-4.6945686340,-4.7064342499,-4.7182989120,-4.7302794456,-4.7432003021,-4.7544832230,-4.7663607597,-4.7787666321,-4.7908225060,-4.8023929596,-4.8139572144,-4.8240089417,-4.8350148201
-4.1786499023,-4.1949052811,-4.2109084129,-4.2255892754,-4.2403860092,-4.2562308311,-4.2712435722,-4.2851920128,-4.2980918884,-4.3141255379,-4.3306951523,-4.3444771767,-4.3570713997,-4.3702125549,-4.3872256279,-4.4012317657,-4.4142613411,-4.4273467064,-4.4418339729,-4.4578442574,-4.4711127281,-4.4840455055,-4.4965190887,-4.5095996857,-4.5239133835,-4.5383610725,-4.5519208908,-4.5655136108,-4.5778427124,-4.5900282860,-4.6020684242,-4.6146602631,-4.6276850700,-4.6400718689,-4.6522159576,-4.6669898033,-4.6797218323,-4.6914649010,-4.7036690712,-4.7158184052,-4.7272109985,-4.7394309044,-4.7524428368,-4.7635455132,-4.7750883102,-4.7875661850,-4.7992210388,-4.8106350899,-4.8196058273,-4.8307347298
-4.1768302917,-4.1927428246,-4.2095475197,-4.2242383957,-4.2374835014,-4.2523627281,-4.2688717842,-4.2839646339,-4.2970666885,-4.3119401932,-4.3282823563,-4.3424501419,-4.3543901443,-4.3691844940,-4.3839182854,-4.3992128372,-4.4137058258,-4.4263701439,-4.4386563301,-4.4525194168,-4.4671435356,-4.4823689461,-4.4954252243,-4.5075640678,-4.5204176903,-4.5335841179,-4.5469074249,-4.5623774529,-4.5747995377,-4.5868196487,-4.6000857353,-4.6130623817,-4.6253666878,-4.6384816170,-4.6504573822,-4.6628279686,-4.6748394966,-4.6866197586,-4.6991062164,-4.7115707397,-4.7224426270,-4.7356228828,-4.7473788261,-4.7590694427,-4.7712078094,-4.7833099365,-4.7949190140,-4.8065147400,-4.8184294701,-4.8284430504
-4.1761007309,-4.1898946762,-4.2067131996,-4.2231717110,-4.2364182472,-4.2499885559,-4.2659320831,-4.2819423676,-4.2960824966,-4.3089218140,-4.3236594200,-4.3395419121,-4.3536915779,-4.3680915833,-4.3800597191,-4.3955006599,-4.4106979370,-4.4247531891,-4.4383907318,-4.4512996674,-4.4637947083,-4.4791893959,-4.4922347069,-4.5057759285,-4.5190033913,-4.5317559242,-4.5456075668,-4.5576267242,-4.5698308945,-4.5819253922,-4.5961079597,-4.6099152565,-4.6220064163,-4.6346430779,-4.6466436386,-4.6595048904,-4.6732406616,-4.6860661507,-4.6978278160,-4.7096605301,-4.7215862274,-4.7314062119,-4.7435154915,-4.7555556297,-4.7678194046,-4.7801895142,-4.7916193008,-4.8034138680,-4.8152465820,-4.8247914314
-4.1749272346,-4.1888613701,-4.2038364410,-4.2202124596,-4.2351670265,-4.2486495972,-4.2618803978,-4.2780170441,-4.2937932014,-4.3080363274,-4.3215365410,-4.3354997635,-4.3506765366,-4.3662118912,-4.3786301613,-4.3918061256,-4.4068961143,-4.4213714600,-4.4350967407,-4.4496202469,-4.4627599716,-4.4750761986,-4.4873948097,-4.5017800331,-4.5160279274,-4.5294804573,-4.5436863899,-4.5559611320,-4.5689721107,-4.5807342529,-4.5929017067,-4.6052842140,-4.6176257133,-4.6306982040,-4.6427092552,-4.6552314758,-4.6695013046,-4.6825518608,-4.6941895485,-4.7061963081,-4.7180185318,-4.7274093628,-4.7396454811,-4.7518901825,-4.7635383606,-4.7755875587,-4.7878966331,-4.7986779213,-4.8089857101,-4.8203301430
-4.1712555885,-4.1875052452,-4.2017893791,-4.2163724899,-4.2325210571,-4.2482724190,-4.2614498138,-4.2749190331,-4.2900915146,-4.3054685593,-4.3199024200,-4.3330516815,-4.3463973999,-4.3624691963,-4.3777408600,-4.3915219307,-4.4041099548,-4.4170131683,-4.4311480522,-4.4460520744,-4.4608721733,-4.4742407799,-4.4867782593,-4.4989256859,-4.5115790367,-4.5254869461,-4.5398926735,-4.5521678925,-4.5653982162,-4.5768556595,-4.5901074409,-4.6041536331,-4.6167378426,-4.6287655830,-4.6408038139,-4.6537551880,-4.6656847000,-4.6779561043,-4.6905269623,-4.7023963928,-4.7142992020,-4.7265291214,-4.7382612228,-4.7490029335,-4.7599558830,-4.7721395493,-4.7845187187,-4.7951292992,-4.8057379723,-4.8171067238
-4.1675024033,-4.1859407425,-4.2012271881,-4.2140865326,-4.2288274765,-4.2448563576,-4.2595853806,-4.2733864784,-4.2870159149,-4.3017077446,-4.3171882629,-4.3318758011,-4.3452553749,-4.3589124680,-4.3739957809,-4.3890662193,-4.4031047821,-4.4159960747,-4.4287304878,-4.4421896935,-4.4560580254,-4.4702529907,-4.4842867851,-4.4978756905,-4.5106468201,-4.5231289864,-4.5360383987,-4.5483541489,-4.5605173111,-4.5733671188,-4.5868477821,-4.6002359390,-4.6129446030,-4.6250777245,-4.6371054649,-4.6489515305,-4.6616077423,-4.6745457649,-4.6869063377,-4.6986985207,-4.7107119560,-4.7225375175,-4.7353367805,-4.7460231781,-4.7564964294,-4.7682805061,-4.7802038193,-4.7929306030,-4.8023915291,-4.8133492470
-4.1668577194,-4.1826162338,-4.1993255615,-4.2136707306,-4.2270197868,-4.2418146133,-4.2559328079,-4.2726845741,-4.2859539986,-4.2990622520,-4.3134541512,-4.3291029930,-4.3447875977,-4.3575782776,-4.3706355095,-4.3852243423,-4.3993000984,-4.4131321907,-4.4271059036,-4.4403147697,-4.4524526596,-4.4665942192,-4.4805889130,-4.4940347672,-4.5066666603,-4.5198531151,-4.5344638824,-4.5467309952,-4.5588412285,-4.5725002289,-4.5854401588,-4.5974383354,-4.6094870567,-4.6215906143,-4.6337766647,-4.6456799507,-4.6582312584,-4.6711106300,-4.6835942268,-4.6955289841,-4.7075400352,-4.7192935944,-4.7320289612,-4.7425317764,-4.7529449463,-4.7648448944,-4.7767119408,-4.7893352509,-4.7992858887,-4.8106193542
-4.1663537025,-4.1800584793,-4.1950511932,-4.2114577293,-4.2266621590,-4.2401823997,-4.2542448044,-4.2687072754,-4.2846431732,-4.2985124588,-4.3112411499,-4.3255095482,-4.3407955170,-4.3535990715,-4.3689942360,-4.3836040497,-4.3957347870,-4.4087977409,-4.4231762886,-4.4368724823,-4.4521570206,-4.4654636383,-4.4776873589,-4.4905052185,-4.5032591820,-4.5162658691,-4.5304303169,-4.5427227020,-4.5559325218,-4.5688834190,-4.5812649727,-4.5934505463,-4.6056919098,-4.6177749634,-4.6299085617,-4.6428637505,-4.6550283432,-4.6673574448,-4.6798605919,-4.6917243004,-4.7035360336,-4.7154622078,-4.7273221016,-4.7384295464,-4.7497434616,-4.7617163658,-4.7731304169,-4.7832255363,-4.7947463989,-4.8066401482
-4.1637573242,-4.1790461540,-4.1937775612,-4.2082948685,-4.2225956917,-4.2371034622,-4.2528452873,-4.2665009499,-4.2810511589,-4.2941937447,-4.3085970879,-4.3241610527,-4.3379793167,-4.3508429527,-4.3651437759,-4.3812279701,-4.3944163322,-4.4074616432,-4.4211473465,-4.4336895943,-4.4479069710,-4.4604353905,-4.4735422134,-4.4888167381,-4.5031538010,-4.5152597427,-4.5275368690,-4.5398836136,-4.5527482033,-4.5659093857,-4.5784816742,-4.5906338692,-4.6027798653,-4.6146440506,-4.6268463135,-4.6396884918,-4.6519441605,-4.6638097763,-4.6756057739,-4.6877341270,-4.7008967400,-4.7128252983,-4.7247061729,-4.7353601456,-4.7461938858,-4.7581801414,-4.7696809769,-4.7794713974,-4.7919135094,-4.8041791916
-4.1611475945,-4.1763038635,-4.1918506622,-4.2067556381,-4.2206125259,-4.2339496613,-4.2478761673,-4.2647848129,-4.2780389786,-4.2914018631,-4.3061299324,-4.3215909004,-4.3363533020,-4.3490586281,-4.3626499176,-4.3766808510,-4.3907737732,-4.4041447639,-4.4176082611,-4.4319534302,-4.4454445839,-4.4577994347,-4.4704318047,-4.4848361015,-4.4987344742,-4.5110001564,-4.5233964920,-4.5357346535,-4.5478763580,-4.5615210533,-4.5744204521,-4.5862364769,-4.5993552208,-4.6142234802,-4.6244449615,-4.6351485252,-4.6467833519,-4.6594176292,-4.6720905304,-4.6841616631,-4.6967072487,-4.7085375786,-4.7204694748,-4.7318181992,-4.7431960106,-4.7551465034,-4.7666149139,-4.7760453224,-4.7879099846,-4.8000111580
-4.1606850624,-4.1744413376,-4.1889410019,-4.2028179169,-4.2175536156,-4.2335810661,-4.2461080551,-4.2599453926,-4.2740406990,-4.2902002335,-4.3048529625,-4.3184142113,-4.3328561783,-4.3455753326,-4.3621678352,-4.3752503395,-4.3879351616,-4.4006247520,-4.4139771461,-4.4283103943,-4.4411406517,-4.4568810463,-4.4698143005,-4.4832043648,-4.4957714081,-4.5075855255,-4.5211915970,-4.5334858894,-4.5455255508,-4.5580072403,-4.5711493492,-4.5838994980,-4.5963916779,-4.6097283363,-4.6212267876,-4.6327028275,-4.6443820000,-4.6574225426,-4.6706614494,-4.6824808121,-4.6943721771,-4.7062835693,-4.7165250778,-4.7277636528,-4.7390060425,-4.7503356934,-4.7632603645,-4.7730059624,-4.7858467102,-4.7954859734
-4.1565232277,-4.1695785522,-4.1856312752,-4.2014679909,-4.2151908875,-4.2296271324,-4.2461972237,-4.2588424683,-4.2732100487,-4.2868366241,-4.3021268845,-4.3173351288,-4.3303661346,-4.3443894386,-4.3578610420,-4.3704967499,-4.3857827187,-4.4000754356,-4.4123826027,-4.4255218506,-4.4392709732,-4.4527297020,-4.4651341438,-4.4786758423,-4.4918055534,-4.5039272308,-4.5167140961,-4.5289888382,-4.5444583893,-4.5572910309,-4.5703730583,-4.5835914612,-4.5956997871,-4.6073203087,-4.6162376404,-4.6278238297,-4.6410336494,-4.6539783478,-4.6661043167,-4.6779494286,-4.6898279190,-4.7020635605,-4.7134175301,-4.7249612808,-4.7367253304,-4.7477703094,-4.7579350471,-4.7693147659,-4.7817158699,-4.7919220924
